                     |               Arquivo Ordenado                |       |                Arquivo Reverso                |       |               Arquivo Randômico               |
----------------------------------------------------------------------------------------------------------------------------------------------------------------------------------------------
Método               CompProg   CompEqua   MovProg    MovEqua    Tempo       CompProg   CompEqua   MovProg    MovEqua    Tempo       CompProg   CompEqua   MovProg    MovEqua    Tempo     
----------------------------------------------------------------------------------------------------------------------------------------------------------------------------------------------
Inserção Direta      1023       1023       1023       3069       4           523776     262399     524799     525822     1634        257367     262399     257371     264445     799       
----------------------------------------------------------------------------------------------------------------------------------------------------------------------------------------------
Inserção Binária     18434      6585       1023       3069       15          17430      6585       524799     525822     1639        16980      6585       257819     264445     810       
----------------------------------------------------------------------------------------------------------------------------------------------------------------------------------------------
Seleção Direta       523776     523776     0          3069       1457        523776     523776     1047552    265213     3249        523776     523776     378658     7688       2109      
----------------------------------------------------------------------------------------------------------------------------------------------------------------------------------------------
Bolha                1023       523776     0          0          2           523776     523776     1047552    785664     3252        523770     523776     512696     1571328    2334      
----------------------------------------------------------------------------------------------------------------------------------------------------------------------------------------------
Shake                1023       523776     0          0          2           523776     523776     1047552    785664     3252        390906     523776     512696     1571328    1960      
----------------------------------------------------------------------------------------------------------------------------------------------------------------------------------------------
Shell                5601       0          5601       0          25          9175       0          10031      0          37          14046      0          14484      0          51        
----------------------------------------------------------------------------------------------------------------------------------------------------------------------------------------------
Heap                 523776     0          18684      0          1488        523776     0          16916      0          1488        523776     0          18566      0          1490      
----------------------------------------------------------------------------------------------------------------------------------------------------------------------------------------------
Quick S/ PIVÔ        524799     0          0          0          729         525311     0          1024       0          730         16021      0          7192       0          40        
----------------------------------------------------------------------------------------------------------------------------------------------------------------------------------------------
Quick C/ PIVÔ        9228       0          1024       0          15          9238       0          2048       0          16          13788      0          5824       0          30        
----------------------------------------------------------------------------------------------------------------------------------------------------------------------------------------------
Merge 1ª Implement   9217       0          10240      0          31          9217       0          10240      0          31          8943       0          10240      0          31        
----------------------------------------------------------------------------------------------------------------------------------------------------------------------------------------------
Merge 2ª Implement   5120       0          10240      0          38          5120       0          10240      0          38          8916       0          10240      0          44        
----------------------------------------------------------------------------------------------------------------------------------------------------------------------------------------------
Counting             1024       0          1024       0          4           1024       0          1024       0          4           1024       0          1024       0          4         
----------------------------------------------------------------------------------------------------------------------------------------------------------------------------------------------
Bucket               2047       0          2048       0          12          524800     0          2048       0          1635        258391     0          2048       0          829       
----------------------------------------------------------------------------------------------------------------------------------------------------------------------------------------------
Radix                1024       0          8192       0          29          1024       0          8192       0          29          1024       0          8192       0          29        
----------------------------------------------------------------------------------------------------------------------------------------------------------------------------------------------
Comb                 19168      0          0          0          55          20191      0          3284       0          67          23260      0          8520       0          85        
----------------------------------------------------------------------------------------------------------------------------------------------------------------------------------------------
Gnome                1024       0          0          0          3           1048576    0          1047552    0          4869        513720     0          512696     0          2335      
----------------------------------------------------------------------------------------------------------------------------------------------------------------------------------------------
Tim                  4032       0          7104       0          24          10752      0          14784      0          47          10655      0          10950      0          35        
----------------------------------------------------------------------------------------------------------------------------------------------------------------------------------------------
