                     |               Arquivo Ordenado                |       |                Arquivo Reverso                |       |               Arquivo Randômico               |
----------------------------------------------------------------------------------------------------------------------------------------------------------------------------------------------
Método               CompProg   CompEqua   MovProg    MovEqua    Tempo       CompProg   CompEqua   MovProg    MovEqua    Tempo       CompProg   CompEqua   MovProg    MovEqua    Tempo     
----------------------------------------------------------------------------------------------------------------------------------------------------------------------------------------------
Inserção Direta      1023       1023       1023       3069       4           523776     262399     524799     525822     1635        264029     262399     264037     264445     819       
----------------------------------------------------------------------------------------------------------------------------------------------------------------------------------------------
Inserção Binária     18434      6585       1023       3069       15          17430      6585       524799     525822     1646        16908      6585       264485     264445     832       
----------------------------------------------------------------------------------------------------------------------------------------------------------------------------------------------
Seleção Direta       523776     523776     0          3069       1455        523776     523776     1047552    265213     3264        523776     523776     384046     7688       2113      
----------------------------------------------------------------------------------------------------------------------------------------------------------------------------------------------
Bolha                1023       523776     0          0          2           523776     523776     1047552    785664     3268        523341     523776     526028     1571328    2355      
----------------------------------------------------------------------------------------------------------------------------------------------------------------------------------------------
Shake                1023       523776     0          0          2           523776     523776     1047552    785664     3266        402498     523776     526028     1571328    2021      
----------------------------------------------------------------------------------------------------------------------------------------------------------------------------------------------
Shell                5601       0          5601       0          25          9175       0          10031      0          37          14713      0          15150      0          54        
----------------------------------------------------------------------------------------------------------------------------------------------------------------------------------------------
Heap                 523776     0          18684      0          1491        523776     0          16916      0          1491        523776     0          18610      0          1490      
----------------------------------------------------------------------------------------------------------------------------------------------------------------------------------------------
Quick S/ PIVÔ        524799     0          0          0          735         525311     0          1024       0          734         14977      0          7486       0          39        
----------------------------------------------------------------------------------------------------------------------------------------------------------------------------------------------
Quick C/ PIVÔ        9228       0          1024       0          15          9238       0          2048       0          17          13691      0          5842       0          30        
----------------------------------------------------------------------------------------------------------------------------------------------------------------------------------------------
Merge 1ª Implement   9217       0          10240      0          32          9217       0          10240      0          31          8952       0          10240      0          31        
----------------------------------------------------------------------------------------------------------------------------------------------------------------------------------------------
Merge 2ª Implement   5120       0          10240      0          39          5120       0          10240      0          39          8963       0          10240      0          44        
----------------------------------------------------------------------------------------------------------------------------------------------------------------------------------------------
Counting             0          0          1024       0          4           0          0          1024       0          4           0          0          1024       0          4         
----------------------------------------------------------------------------------------------------------------------------------------------------------------------------------------------
Bucket               1023       0          2048       0          12          523776     0          2048       0          1652        264029     0          2048       0          833       
----------------------------------------------------------------------------------------------------------------------------------------------------------------------------------------------
Radix                0          0          8192       0          27          0          0          8192       0          27          0          0          8192       0          28        
----------------------------------------------------------------------------------------------------------------------------------------------------------------------------------------------
Comb                 19168      0          0          0          53          20191      0          3284       0          61          23260      0          8666       0          79        
----------------------------------------------------------------------------------------------------------------------------------------------------------------------------------------------
Gnome                1024       0          0          0          2           1048576    0          1047552    0          4729        527052     0          526028     0          2394      
----------------------------------------------------------------------------------------------------------------------------------------------------------------------------------------------
Tim                  4032       0          7104       0          23          10752      0          14784      0          46          10715      0          10994      0          35        
----------------------------------------------------------------------------------------------------------------------------------------------------------------------------------------------
